[gd_scene load_steps=14 format=3 uid="uid://nrt658sbimc7"]

[ext_resource type="ArrayMesh" uid="uid://cbq4bgjmtcnjr" path="res://assets/meshes/MountainDraft1(2).obj" id="1_u5sy4"]
[ext_resource type="Texture2D" uid="uid://b6bilj0ykgrrq" path="res://assets/textures/mountainTextureMountain7.webp" id="2_gee14"]
[ext_resource type="Script" uid="uid://c70vbpjmch63q" path="res://scripts/pause_menu.gd" id="3_3ryep"]
[ext_resource type="PackedScene" uid="uid://bnyr4syglcv4i" path="res://scenes/track.tscn" id="3_v7mqn"]
[ext_resource type="PackedScene" uid="uid://b8kdcfw2mefk8" path="res://scenes/junction.tscn" id="7_gee14"]
[ext_resource type="PackedScene" uid="uid://b7rtkxgy8nleb" path="res://scenes/NewEngine.tscn" id="7_mqby7"]
[ext_resource type="PackedScene" uid="uid://bf8ci7a8vxxql" path="res://scenes/enemy.tscn" id="9_0tnpc"]

[sub_resource type="StandardMaterial3D" id="StandardMaterial3D_0tnpc"]
albedo_color = Color(0.707967, 0.707967, 0.707966, 1)
albedo_texture = ExtResource("2_gee14")

[sub_resource type="Curve3D" id="Curve3D_p57ef"]
closed = true
_data = {
"points": PackedVector3Array(-0.540062, 0.159241, 4.36507, 0.540062, -0.159241, -4.36507, 25.3126, -3.05176e-05, 16.1402, 1.67224, -0.53392, 2.24932, -1.67224, 0.53392, -2.24932, 20.3018, 1.41647, -3.36549, 2.71568, -0.866226, 2.86198, -2.71568, 0.866226, -2.86198, 15.6096, 2.50241, -10.7639, 2.89857, -0.077179, 2.11572, -2.89857, 0.077179, -2.11572, 5.70421, 3.1449, -22.6843, 3.80035, 0.386337, 0.863655, -3.80035, -0.386337, -0.863655, -4.51513, 0.103271, -29.4296, 3.09205, -0.974731, -0.938309, -3.09205, 0.974731, 0.938309, -19.5969, 0.234634, -31.4284, 2.62122, -0.53949, -3.13512, -2.62122, 0.53949, 3.13512, -31.9799, 1.76387, -25.7283, 0.704956, -0.596909, -4.21655, -0.704956, 0.596909, 4.21655, -37.9628, 2.77124, -15.4231, -0.784813, 0.259277, -3.93725, 0.784813, -0.259277, 3.93725, -36.9719, 2.29173, -2.85931, -0.37796, -1.96503, -4.14463, 0.37796, 1.96503, 4.14463, -32.4199, 2.47852, 9.97749, -0.494942, 0.170212, -4.89422, 0.494942, -0.170212, 4.89422, -23.9006, 1.46596, 25.6546, -0.24057, 0.0905457, -5.1497, 0.24057, -0.0905457, 5.1497, -24.9774, 1.65701, 39.4813, -3.37791, 1.07416, -2.07714, 3.37791, -1.07416, 2.07714, -22.1083, 1.06929, 47.6064, -3.15533, -0.753021, -0.701805, 3.15533, 0.753021, 0.701805, -6.93761, 2.20705, 44.5944, -3.37445, 0.212021, -0.215752, 3.37445, -0.212021, 0.215752, 4.61435, 4.36263, 41.2273, -3.02348, 0.360184, 2.41587, 3.02348, -0.360184, -2.41587, 16.3011, 3.42136, 37.1177, -0.852318, 0.902573, 3.31937, 0.852318, -0.902573, -3.31937, 20.733, 0.545319, 29.879),
"tilts": PackedFloat32Array(0, 0, 0, 0, 0, 0, 0, 0, 0, 0, 0, 0, 0, 0, 0, 0, 0)
}
point_count = 17

[sub_resource type="Curve3D" id="Curve3D_u5sy4"]
closed = true
_data = {
"points": PackedVector3Array(-1.14531, 0.193054, 3.14583, 1.14531, -0.193054, -3.14583, -95.7111, -5.21011, 105.394, -2.23908, 6.10352e-05, 1.64214, 2.23908, -6.10352e-05, -1.64214, -92.0358, -5.49747, 102.937, -3.09315, -3.05176e-05, 1.42591, 3.09315, 3.05176e-05, -1.42591, -87.6495, -5.65778, 100.39, -4.44821, -6.10352e-05, 1.86203, 4.44821, 6.10352e-05, -1.86203, -77.1788, -5.97855, 97.4185, -3.97976, -1.52588e-05, 0.230843, 3.97976, 1.52588e-05, -0.230843, -70.9531, -5.3326, 96.2865, -4.21695, -4.57764e-05, 2.00558, 4.21695, 4.57764e-05, -2.00558, -57.5111, -5.18913, 93.7396, -5.34876, -1.52588e-05, 5.65563, 5.34876, 1.52588e-05, -5.65563, -43.2201, -6.75729, 86.0989, -0.599335, -0.00244141, 5.17226, 0.599335, 0.00244141, -5.17226, -37.2773, -6.67661, 72.3739, 1.0393, -0.00300598, 4.45811, -1.0393, 0.00300598, -4.45811, -37.7018, -5.88422, 51.0081, 2.17202, -0.00444031, 5.81863, -2.17202, 0.00444031, -5.81863, -46.012, -4.96053, 26.1923, 2.69182, -0.00402832, 4.39886, -2.69182, 0.00402832, -4.39886, -65.5347, -6.00885, -7.97246, 2.93192, -0.420547, 9.13663, -2.93192, 0.420547, -9.13663, -81.4434, -2.98064, -29.1402, -0.070755, 0.941101, 5.58261, 0.070755, -0.941101, -5.58261, -85.7585, -4.41441, -47.8521, 1.58196, -0.127975, 5.54697, -1.58196, 0.127975, -5.54697, -94.1215, -6.63919, -80.4854, 1.36603, 0.113815, 6.18866, -1.36603, -0.113815, -6.18866, -105.388, -5.27309, -122.064, 3.146, 0.508865, 13.1819, -3.146, -0.508865, -13.1819, -104.197, -4.03859, -155.07, 15.2136, -0.155365, -2.97382, -15.2136, 0.155365, 2.97382, -161.838, -6.12027, -173.007, 6.00677, -1.0323, -9.01053, -6.00677, 1.0323, 9.01053, -212.092, -5.33727, -144.782, 0.964188, -1.16995, -7.46207, -0.964188, 1.16995, 7.46207, -217.457, -4.2309, -117.857, 3.17702, -0.41716, -10.6571, -3.17702, 0.41716, 10.6571, -215.534, -4.47658, -72.4981, 4.89084, -0.644073, -8.58818, -4.89084, 0.644073, 8.58818, -233.591, -5.71198, -50.515, 7.506, 0.388809, -7.22275, -7.506, -0.388809, 7.22275, -252.072, -0.142441, -32.6112, 7.07211, -1.05141, -7.06485, -7.07211, 1.05141, 7.06485, -293.764, -4.89459, -13.8818, 5.59497, -0.0828247, -6.03383, -5.59497, 0.0828247, 6.03383, -326.369, -3.89157, 8.04639, 5.23746, 1.09454, -3.69318, -5.23746, -1.09454, 3.69318, -358.036, 2.63605, 13.5537, 6.64883, 0.436768, -9.7991, -6.64883, -0.436768, 9.7991, -396.587, -4.76941, 22.5031, -2.21115, 0.0966339, -7.03799, 2.21115, -0.0966339, 7.03799, -397.964, 0.125504, 59.6774, -2.52472, -0.00146484, -5.24285, 2.52472, 0.00146484, 5.24285, -387.638, 3.05176e-05, 85.1488, -8.79913, -0.647903, -7.81958, 8.79913, 0.647903, 7.81958, -361.478, -1.97502, 117.504, -9.81046, -0.817917, -6.60504, 9.81046, 0.817917, 6.60504, -331.876, -1.87172, 138.157, -8.72919, -0.481812, -7.40685, 8.72919, 0.481812, 7.40685, -298.144, -5.0463, 160.874, -5.78931, 0.302322, -8.77942, 5.78931, -0.302322, 8.77942, -280.933, -1.93538, 184.28, -4.70291, 0.620117, -9.46159, 4.70291, -0.620117, 9.46159, -267.268, 1.85748, 211.14, -2.87988, 1.22188, -11.6037, 2.87988, -1.22188, 11.6037, -260.57, -5.38904, 244.307, -4.06241, 0.204086, -8.81854, 4.06241, -0.204086, 8.81854, -251.06, -2.01649, 282.796, -7.18738, -0.736649, -10.1461, 7.18738, 0.736649, 10.1461, -240.317, -5.04633, 304.065, -5.23587, -0.759567, -1.78278, 5.23587, 0.759567, 1.78278, -225.172, -5.74222, 317.144, -7.79756, -0.304642, -0.919678, 7.79756, 0.304642, 0.919678, -198.324, -5.20473, 321.963, -5.42299, -0.867081, 2.30383, 5.42299, 0.867081, -2.30383, -179.048, -4.43378, 315.768, -6.36494, -0.675461, 4.58441, 6.36494, 0.675461, -4.58441, -156.356, -2.43706, 305.206, -5.82663, -0.814178, 4.00232, 5.82663, 0.814178, -4.00232, -139.518, -3.44827, 289.713, -5.2666, -1.23018, 4.54596, 5.2666, 1.23018, -4.54596, -127.892, -1.37352, 279.84, -4.93703, -0.770081, 5.30115, 4.93703, 0.770081, -5.30115, -112.96, 3.05176e-05, 266.89, -3.21684, -1.06955, 5.17558, 3.21684, 1.06955, -5.17558, -104.699, 3.73592, 252.433, -2.8084, -0.993057, 4.69861, 2.8084, 0.993057, -4.69861, -90.9469, -1.82509, 232.961, -1.98086, -0.970001, 5.34473, 1.98086, 0.970001, -5.34473, -76.3715, -2.07239, 208.339, -1.9726, -0.800354, 6.15532, 1.9726, 0.800354, -6.15532, -67.5249, -0.152847, 184.28, -1.81992, -1.74013, 9.65303, 1.81992, 1.74013, -9.65303, -62.7404, -3.30327, 162.75, 4.43605, -0.0540466, 5.83826, -4.43605, 0.0540466, -5.83826, -66.148, 4.04303, 138.157, 2.89106, -0.457748, 2.58411, -2.89106, 0.457748, -2.58411, -79.2279, 1.54057, 125.765, 2.71288, -0.497208, 0.609207, -2.71288, 0.497208, -0.609207, -89.7586, -2.30682, 118.128, -1.17621, 0.257141, 3.20546, 1.17621, -0.257141, -3.20546, -97.7932, -5.28873, 111.146),
"tilts": PackedFloat32Array(0, 0, 0, 0, 0, 0, 0, 0, 0, 0, 0, 0, 0, 0, 0, 0, 0, 0, 0, 0, 0, 0, 0, 0, 0, 0, 0, 0, 0, 0, 0, 0, 0, 0, 0, 0, 0, 0, 0, 0, 0, 0, 0, 0, 0, 0, 0, 0, 0, 0, 0, 0)
}
point_count = 52

[sub_resource type="ProceduralSkyMaterial" id="ProceduralSkyMaterial_78k2m"]
sky_horizon_color = Color(0.64625, 0.65575, 0.67075, 1)
ground_horizon_color = Color(0.64625, 0.65575, 0.67075, 1)

[sub_resource type="Sky" id="Sky_fdmoc"]
sky_material = SubResource("ProceduralSkyMaterial_78k2m")

[sub_resource type="Environment" id="Environment_5ht53"]
background_mode = 2
sky = SubResource("Sky_fdmoc")
tonemap_mode = 2

[node name="Game" type="Node3D"]
process_mode = 1

[node name="EnemyTarget" type="Node3D" parent="."]
transform = Transform3D(0.754087, -0.135344, 0.642674, 0.00010529, 0.978557, 0.205957, -0.656771, -0.155242, 0.737934, -102.085, 140.827, -40.5433)

[node name="Map" type="Node3D" parent="."]
transform = Transform3D(1, 0, 0, 0, 1, 0, 0, 0, 1, 0, -0.5, 0)

[node name="MountainDraft1(2)" type="MeshInstance3D" parent="Map"]
transform = Transform3D(1.5, 0, 0, 0, 1.5, 0, 0, 0, 1.5, 0, 0, 0)
mesh = ExtResource("1_u5sy4")
skeleton = NodePath("../..")
surface_material_override/0 = SubResource("StandardMaterial3D_0tnpc")

[node name="Loop0" parent="." instance=ExtResource("3_v7mqn")]
transform = Transform3D(1, 0, 0, 0, 1, 0, 0, 0, 1, -78.936, 139.44, -87.4479)
top_level = true
curve = SubResource("Curve3D_p57ef")

[node name="Crossover0One" type="PathFollow3D" parent="Loop0"]
transform = Transform3D(0.933985, 0.00342096, -0.357261, -0.00561049, 0.999954, -0.0050923, 0.357233, 0.00676059, 0.933978, 23.4569, -0.00428902, 22.5843)
progress = 225.053

[node name="Engine" parent="Loop0" instance=ExtResource("7_mqby7")]
transform = Transform3D(-0.530115, 0.341786, -0.775939, 0.274378, 0.935006, 0.224422, 0.802271, -0.0939315, -0.589468, -23.149, 1.38698, 46.9046)
progress = 165.719

[node name="RemoteTransform3D" type="RemoteTransform3D" parent="Loop0/Engine"]
remote_path = NodePath("../../../EnemyTarget")
update_rotation = false
update_scale = false

[node name="Loop1" parent="." instance=ExtResource("3_v7mqn")]
transform = Transform3D(1, 0, 0, 0, 1, 0, 0, 0, 1, 40.8933, 144.729, -172.207)
curve = SubResource("Curve3D_u5sy4")

[node name="Crossover1Zero" type="PathFollow3D" parent="Loop1"]
transform = Transform3D(0.941598, -0.0374602, -0.334594, 0.0008847, 0.994013, -0.108804, 0.336684, 0.102152, 0.936039, -96.6788, -5.2531, 108.075)
progress = 1416.18

[node name="Junction" parent="." node_paths=PackedStringArray("cross_1", "cross_2") instance=ExtResource("7_gee14")]
transform = Transform3D(-0.946447, 0, 0.32286, 0, 1, 0, -0.32286, 0, -0.946447, -54.4926, 141.145, -63.2866)
cross_1 = NodePath("../Loop0/Crossover0One")
cross_2 = NodePath("../Loop1/Crossover1Zero")

[node name="UI" type="CanvasLayer" parent="."]

[node name="CenterContainer" type="CenterContainer" parent="UI"]
anchors_preset = 8
anchor_left = 0.5
anchor_top = 0.5
anchor_right = 0.5
anchor_bottom = 0.5
offset_left = -20.0
offset_top = -20.0
offset_right = 20.0
offset_bottom = 20.0
grow_horizontal = 2
grow_vertical = 2
size_flags_horizontal = 3
size_flags_vertical = 3

[node name="Crosshair" type="Label" parent="UI/CenterContainer"]
layout_mode = 2
text = "+"
horizontal_alignment = 1
vertical_alignment = 1

[node name="Pause Menu" type="Node2D" parent="UI/CenterContainer"]
process_mode = 2
visible = false
script = ExtResource("3_3ryep")

[node name="Close Buton" type="Button" parent="UI/CenterContainer/Pause Menu"]
anchors_preset = 3
anchor_left = 1.0
anchor_top = 1.0
anchor_right = 1.0
anchor_bottom = 1.0
offset_left = -50.0
offset_top = -60.0
offset_bottom = -29.0
grow_horizontal = 0
grow_vertical = 0
scale = Vector2(2, 2)
size_flags_horizontal = 3
size_flags_vertical = 3
text = "Close
"

[node name="Enemies" type="Node" parent="."]

[node name="Enemy" parent="Enemies" instance=ExtResource("9_0tnpc")]
transform = Transform3D(-0.191546, 0, 0.981484, -0.0681914, 0.997584, -0.0133082, -0.979112, -0.0694779, -0.191083, 9.41833, 139.225, -92.2054)

[node name="Enemy2" parent="Enemies" instance=ExtResource("9_0tnpc")]
transform = Transform3D(-0.191546, 0, 0.981484, -0.0681914, 0.997584, -0.0133082, -0.979112, -0.0694779, -0.191083, -7.57932, 141.403, -76.5136)

[node name="Enemy3" parent="Enemies" instance=ExtResource("9_0tnpc")]
transform = Transform3D(-0.191546, 0, 0.981484, -0.0681914, 0.997584, -0.0133082, -0.979112, -0.0694779, -0.191083, 6.20219, 141.035, -128.564)

[node name="Enemy4" parent="Enemies" instance=ExtResource("9_0tnpc")]
transform = Transform3D(-0.191546, 0, 0.981484, -0.0681914, 0.997584, -0.0133082, -0.979112, -0.0694779, -0.191083, 11.4353, 141.167, -103.231)

[node name="Enemy5" parent="Enemies" instance=ExtResource("9_0tnpc")]
transform = Transform3D(-0.191546, 0, 0.981484, -0.0681914, 0.997584, -0.0133082, -0.979112, -0.0694779, -0.191083, 4.35825, 141.684, -138.42)

[node name="Enemy6" parent="Enemies" instance=ExtResource("9_0tnpc")]
transform = Transform3D(-0.191546, 0, 0.981484, -0.0681914, 0.997584, -0.0133082, -0.979112, -0.0694779, -0.191083, -21.1301, 142.041, -185.847)

[node name="Enemy7" parent="Enemies" instance=ExtResource("9_0tnpc")]
transform = Transform3D(-0.191546, 0, 0.981484, -0.0681914, 0.997584, -0.0133082, -0.979112, -0.0694779, -0.191083, -50.9373, 180.394, -191.804)

[node name="Enemy8" parent="Enemies" instance=ExtResource("9_0tnpc")]
transform = Transform3D(-0.191546, 0, 0.981484, -0.0681914, 0.997584, -0.0133082, -0.979112, -0.0694779, -0.191083, -33.4409, 141.144, -225.936)

[node name="Enemy9" parent="Enemies" instance=ExtResource("9_0tnpc")]
transform = Transform3D(-0.191546, 0, 0.981484, -0.0681914, 0.997584, -0.0133082, -0.979112, -0.0694779, -0.191083, -54.3666, 143.324, -293.306)

[node name="Enemy10" parent="Enemies" instance=ExtResource("9_0tnpc")]
transform = Transform3D(-0.191546, 0, 0.981484, -0.0681914, 0.997584, -0.0133082, -0.979112, -0.0694779, -0.191083, -62.1635, 144.734, -337.665)

[node name="Enemy11" parent="Enemies" instance=ExtResource("9_0tnpc")]
transform = Transform3D(-0.191546, 0, 0.981484, -0.0681914, 0.997584, -0.0133082, -0.979112, -0.0694779, -0.191083, -107.191, 142.461, -351.133)

[node name="Enemy12" parent="Enemies" instance=ExtResource("9_0tnpc")]
transform = Transform3D(-0.191546, 0, 0.981484, -0.0681914, 0.997584, -0.0133082, -0.979112, -0.0694779, -0.191083, -140.779, 143.153, -343.561)

[node name="Enemy13" parent="Enemies" instance=ExtResource("9_0tnpc")]
transform = Transform3D(-0.191546, 0, 0.981484, -0.0681914, 0.997584, -0.0133082, -0.979112, -0.0694779, -0.191083, -119.838, 144.797, -352.048)

[node name="Enemy14" parent="Enemies" instance=ExtResource("9_0tnpc")]
transform = Transform3D(-0.191546, 0, 0.981484, -0.0681914, 0.997584, -0.0133082, -0.979112, -0.0694779, -0.191083, -163.388, 141.176, -334.888)

[node name="Environment" type="Node" parent="."]

[node name="WorldEnvironment" type="WorldEnvironment" parent="Environment"]
environment = SubResource("Environment_5ht53")

[node name="DirectionalLight3D" type="DirectionalLight3D" parent="Environment"]
transform = Transform3D(1, 0, 0, 0, -4.37114e-08, 1, 0, -1, -4.37114e-08, 0, 9.26897, 0)

[connection signal="pressed" from="UI/CenterContainer/Pause Menu/Close Buton" to="UI/CenterContainer/Pause Menu" method="_on_close_buton_pressed"]
